celebrate: (14,0) (14,1) (14,2) (14,3) (14,4) (14,5) (14,6) (14,7) (14,8)
saint: (7,6) (7,7) (7,8) (7,9) (7,10)
gold: (8,12) (8,11) (8,10) (8,9)
serpent: (3,14) (3,13) (3,12) (3,11) (3,10) (3,9) (3,8)
irish: (0,14) (1,14) (2,14) (3,14) (4,14)
patrick: (0,1) (1,1) (2,1) (3,1) (4,1) (5,1) (6,1)
clover: (10,11) (9,11) (8,11) (7,11) (6,11) (5,11)
ireland: (8,8) (9,9) (10,10) (11,11) (12,12) (13,13) (14,14)
lucky: (0,2) (1,3) (2,4) (3,5) (4,6)
cabbage: (10,8) (9,7) (8,6) (7,5) (6,4) (5,3) (4,2)
erin: (3,7) (2,6) (1,5) (0,4)
parade: (11,0) (10,1) (9,2) (8,3) (7,4) (6,5)
leprechaun: (9,0) (8,1) (7,2) (6,3) (5,4) (4,5) (3,6) (2,7) (1,8) (0,9)
rainbow: (0,12) (1,11) (2,10) (3,9) (4,8) (5,7) (6,6)
green: (0,13) (1,12) (2,11) (3,10) (4,9)
